potential racing pairs: 2000
potential racing interleavings: 3677
max_lockset_size: 5
min_lockset_size: 0
average_lockset_size: 0.9288092994030789
max_history_size: 5
min_history_size: 0
average_history_size: 1.4695919293468775
sv_r_count: 362
sv_w_count: 134
sv_rw_count: 16
len(info.gv_reverse_map): 138
mutex_count: 0
spin_count: 19
once_count: 1
unique_locks: 6
phase 1 time:
0.14548587799072266
phase 2 time:
6.859297513961792
